1970 1 -0.0676786843769766
1970 2 0.07492997198879559
1970 3 0.0
1970 4 0.0
1970 5 0.0
1970 6 0.0
1970 7 0.0
1970 8 0.0
1970 9 0.0
1970 10 0.0
1970 11 0.0
1970 12 0.0
1971 1 0.2549019607843137
1971 2 -0.28221288515406157
1971 3 0.0
1971 4 0.0
1971 5 0.0
1971 6 0.0
1971 7 0.0
1971 8 0.0
1971 9 0.0
1971 10 0.0
1971 11 0.0
1971 12 0.0
1972 1 -0.22896900695762176
1972 2 0.2535014005602242
1972 3 0.0
1972 4 0.0
1972 5 0.0
1972 6 0.0
1972 7 0.0
1972 8 0.0
1972 9 0.0
1972 10 0.0
1972 11 0.0
1972 12 0.0
1973 1 0.02909550917141049
1973 2 -0.032212885154061566
1973 3 0.0
1973 4 0.0
1973 5 0.0
1973 6 0.0
1973 7 0.0
1973 8 0.0
1973 9 0.0
1973 10 0.0
1973 11 0.0
1973 12 0.0
1974 1 0.35167615433270083
1974 2 -0.3893557422969187
1974 3 0.0
1974 4 0.0
1974 5 0.0
1974 6 0.0
1974 7 0.0
1974 8 0.0
1974 9 0.0
1974 10 0.0
1974 11 0.0
1974 12 0.0
1975 1 -0.22896900695762176
1975 2 0.2535014005602242
1975 3 0.0
1975 4 0.0
1975 5 0.0
1975 6 0.0
1975 7 0.0
1975 8 0.0
1975 9 0.0
1975 10 0.0
1975 11 0.0
1975 12 0.0
1976 1 0.1258697027197976
1976 2 -0.13935574229691872
1976 3 0.0
1976 4 0.0
1976 5 0.0
1976 6 0.0
1976 7 0.0
1976 8 0.0
1976 9 0.0
1976 10 0.0
1976 11 0.0
1976 12 0.0
1977 1 -0.22896900695762176
1977 2 0.2535014005602242
1977 3 0.0
1977 4 0.0
1977 5 0.0
1977 6 0.0
1977 7 0.0
1977 8 0.0
1977 9 0.0
1977 10 0.0
1977 11 0.0
1977 12 0.0
1978 1 -0.09993674889310564
1978 2 0.11064425770308128
1978 3 0.0
1978 4 0.0
1978 5 0.0
1978 6 0.0
1978 7 0.0
1978 8 0.0
1978 9 0.0
1978 10 0.0
1978 11 0.0
1978 12 0.0
1979 1 0.22264389626818468
1979 2 -0.24649859943977587
1979 3 0.0
1979 4 0.0
1979 5 0.0
1979 6 0.0
1979 7 0.0
1979 8 0.0
1979 9 0.0
1979 10 0.0
1979 11 0.0
1979 12 0.0
1980 1 -0.22896900695762176
1980 2 0.2535014005602242
1980 3 0.0
1980 4 0.0
1980 5 0.0
1980 6 0.0
1980 7 0.0
1980 8 0.0
1980 9 0.0
1980 10 0.0
1980 11 0.0
1980 12 0.0
1981 1 -0.035420619860847574
1981 2 0.03921568627450983
1981 3 0.0
1981 4 0.0
1981 5 0.0
1981 6 0.0
1981 7 0.0
1981 8 0.0
1981 9 0.0
1981 10 0.0
1981 11 0.0
1981 12 0.0
1982 1 0.3194180898165717
1982 2 -0.353641456582633
1982 3 0.0
1982 4 0.0
1982 5 0.0
1982 6 0.0
1982 7 0.0
1982 8 0.0
1982 9 0.0
1982 10 0.0
1982 11 0.0
1982 12 0.0
1983 1 -0.22896900695762176
1983 2 0.2535014005602242
1983 3 0.0
1983 4 0.0
1983 5 0.0
1983 6 0.0
1983 7 0.0
1983 8 0.0
1983 9 0.0
1983 10 0.0
1983 11 0.0
1983 12 0.0
1984 1 0.06135357368753955
1984 2 -0.06792717086834726
1984 3 0.0
1984 4 0.0
1984 5 0.0
1984 6 0.0
1984 7 0.0
1984 8 0.0
1984 9 0.0
1984 10 0.0
1984 11 0.0
1984 12 0.0
1985 1 -0.22896900695762176
1985 2 0.2535014005602242
1985 3 0.0
1985 4 0.0
1985 5 0.0
1985 6 0.0
1985 7 0.0
1985 8 0.0
1985 9 0.0
1985 10 0.0
1985 11 0.0
1985 12 0.0
1986 1 -0.1644528779253637
1986 2 0.18207282913165268
1986 3 0.0
1986 4 0.0
1986 5 0.0
1986 6 0.0
1986 7 0.0
1986 8 0.0
1986 9 0.0
1986 10 0.0
1986 11 0.0
1986 12 0.0
1987 1 0.19038583175205567
1987 2 -0.21078431372549014
1987 3 0.0
1987 4 0.0
1987 5 0.0
1987 6 0.0
1987 7 0.0
1987 8 0.0
1987 9 0.0
1987 10 0.0
1987 11 0.0
1987 12 0.0
1988 1 -0.22896900695762176
1988 2 0.2535014005602242
1988 3 0.0
1988 4 0.0
1988 5 0.0
1988 6 0.0
1988 7 0.0
1988 8 0.0
1988 9 0.0
1988 10 0.0
1988 11 0.0
1988 12 0.0
1989 1 -0.0676786843769766
1989 2 0.07492997198879559
1989 3 0.0
1989 4 0.0
1989 5 0.0
1989 6 0.0
1989 7 0.0
1989 8 0.0
1989 9 0.0
1989 10 0.0
1989 11 0.0
1989 12 0.0
1990 1 0.2549019607843137
1990 2 -0.28221288515406157
1990 3 0.0
1990 4 0.0
1990 5 0.0
1990 6 0.0
1990 7 0.0
1990 8 0.0
1990 9 0.0
1990 10 0.0
1990 11 0.0
1990 12 0.0
1991 1 -0.22896900695762176
1991 2 0.2535014005602242
1991 3 0.0
1991 4 0.0
1991 5 0.0
1991 6 0.0
1991 7 0.0
1991 8 0.0
1991 9 0.0
1991 10 0.0
1991 11 0.0
1991 12 0.0
1992 1 -0.003162555344718543
1992 2 0.0035014005602241327
1992 3 0.0
1992 4 0.0
1992 5 0.0
1992 6 0.0
1992 7 0.0
1992 8 0.0
1992 9 0.0
1992 10 0.0
1992 11 0.0
1992 12 0.0
1993 1 0.35167615433270083
1993 2 -0.3893557422969187
1993 3 0.0
1993 4 0.0
1993 5 0.0
1993 6 0.0
1993 7 0.0
1993 8 0.0
1993 9 0.0
1993 10 0.0
1993 11 0.0
1993 12 0.0
1994 1 -0.19671094244149273
1994 2 0.21778711484593838
1994 3 0.0
1994 4 0.0
1994 5 0.0
1994 6 0.0
1994 7 0.0
1994 8 0.0
1994 9 0.0
1994 10 0.0
1994 11 0.0
1994 12 0.0
1995 1 0.1258697027197976
1995 2 -0.13935574229691872
1995 3 0.0
1995 4 0.0
1995 5 0.0
1995 6 0.0
1995 7 0.0
1995 8 0.0
1995 9 0.0
1995 10 0.0
1995 11 0.0
1995 12 0.0
1996 1 -0.22896900695762176
1996 2 0.2535014005602242
1996 3 0.0
1996 4 0.0
1996 5 0.0
1996 6 0.0
1996 7 0.0
1996 8 0.0
1996 9 0.0
1996 10 0.0
1996 11 0.0
1996 12 0.0
1997 1 -0.09993674889310564
1997 2 0.11064425770308128
1997 3 0.0
1997 4 0.0
1997 5 0.0
1997 6 0.0
1997 7 0.0
1997 8 0.0
1997 9 0.0
1997 10 0.0
1997 11 0.0
1997 12 0.0
1998 1 0.22264389626818468
1998 2 -0.24649859943977587
1998 3 0.0
1998 4 0.0
1998 5 0.0
1998 6 0.0
1998 7 0.0
1998 8 0.0
1998 9 0.0
1998 10 0.0
1998 11 0.0
1998 12 0.0
1999 1 -0.22896900695762176
1999 2 0.2535014005602242
1999 3 0.0
1999 4 0.0
1999 5 0.0
1999 6 0.0
1999 7 0.0
1999 8 0.0
1999 9 0.0
1999 10 0.0
1999 11 0.0
1999 12 0.0
2000 1 -0.035420619860847574
2000 2 0.03921568627450983
2000 3 0.0
2000 4 0.0
2000 5 0.0
2000 6 0.0
2000 7 0.0
2000 8 0.0
2000 9 0.0
2000 10 0.0
2000 11 0.0
2000 12 0.0
2001 1 0.35167615433270083
2001 2 -0.3893557422969187
2001 3 0.0
2001 4 0.0
2001 5 0.0
2001 6 0.0
2001 7 0.0
2001 8 0.0
2001 9 0.0
2001 10 0.0
2001 11 0.0
2001 12 0.0
2002 1 -0.22896900695762176
2002 2 0.2535014005602242
2002 3 0.0
2002 4 0.0
2002 5 0.0
2002 6 0.0
2002 7 0.0
2002 8 0.0
2002 9 0.0
2002 10 0.0
2002 11 0.0
2002 12 0.0
2003 1 0.09361163820366855
2003 2 -0.10364145658263302
2003 3 0.0
2003 4 0.0
2003 5 0.0
2003 6 0.0
2003 7 0.0
2003 8 0.0
2003 9 0.0
2003 10 0.0
2003 11 0.0
2003 12 0.0
2004 1 0.35167615433270083
2004 2 -0.3893557422969187
2004 3 0.0
2004 4 0.0
2004 5 0.0
2004 6 0.0
2004 7 0.0
2004 8 0.0
2004 9 0.0
2004 10 0.0
2004 11 0.0
2004 12 0.0
2005 1 -0.1644528779253637
2005 2 0.18207282913165268
2005 3 0.0
2005 4 0.0
2005 5 0.0
2005 6 0.0
2005 7 0.0
2005 8 0.0
2005 9 0.0
2005 10 0.0
2005 11 0.0
2005 12 0.0
2006 1 0.19038583175205567
2006 2 -0.21078431372549014
2006 3 0.0
2006 4 0.0
2006 5 0.0
2006 6 0.0
2006 7 0.0
2006 8 0.0
2006 9 0.0
2006 10 0.0
2006 11 0.0
2006 12 0.0
2007 1 -0.22896900695762176
2007 2 0.2535014005602242
2007 3 0.0
2007 4 0.0
2007 5 0.0
2007 6 0.0
2007 7 0.0
2007 8 0.0
2007 9 0.0
2007 10 0.0
2007 11 0.0
2007 12 0.0
2008 1 -0.09993674889310564
2008 2 0.11064425770308128
2008 3 0.0
2008 4 0.0
2008 5 0.0
2008 6 0.0
2008 7 0.0
2008 8 0.0
2008 9 0.0
2008 10 0.0
2008 11 0.0
2008 12 0.0
2009 1 0.2871600253004427
2009 2 -0.3179271708683473
2009 3 0.0
2009 4 0.0
2009 5 0.0
2009 6 0.0
2009 7 0.0
2009 8 0.0
2009 9 0.0
2009 10 0.0
2009 11 0.0
2009 12 0.0
2010 1 -0.22896900695762176
2010 2 0.2535014005602242
2010 3 0.0
2010 4 0.0
2010 5 0.0
2010 6 0.0
2010 7 0.0
2010 8 0.0
2010 9 0.0
2010 10 0.0
2010 11 0.0
2010 12 0.0
2011 1 0.02909550917141049
2011 2 -0.032212885154061566
2011 3 0.0
2011 4 0.0
2011 5 0.0
2011 6 0.0
2011 7 0.0
2011 8 0.0
2011 9 0.0
2011 10 0.0
2011 11 0.0
2011 12 0.0
2012 1 0.35167615433270083
2012 2 -0.3893557422969187
2012 3 0.0
2012 4 0.0
2012 5 0.0
2012 6 0.0
2012 7 0.0
2012 8 0.0
2012 9 0.0
2012 10 0.0
2012 11 0.0
2012 12 0.0
2013 1 -0.19671094244149273
2013 2 0.21778711484593838
2013 3 0.0
2013 4 0.0
2013 5 0.0
2013 6 0.0
2013 7 0.0
2013 8 0.0
2013 9 0.0
2013 10 0.0
2013 11 0.0
2013 12 0.0
2014 1 0.1258697027197976
2014 2 -0.13935574229691872
2014 3 0.0
2014 4 0.0
2014 5 0.0
2014 6 0.0
2014 7 0.0
2014 8 0.0
2014 9 0.0
2014 10 0.0
2014 11 0.0
2014 12 0.0
2015 1 -0.22896900695762176
2015 2 0.2535014005602242
2015 3 0.0
2015 4 0.0
2015 5 0.0
2015 6 0.0
2015 7 0.0
2015 8 0.0
2015 9 0.0
2015 10 0.0
2015 11 0.0
2015 12 0.0
2016 1 -0.13219481340923467
2016 2 0.14635854341736698
2016 3 0.0
2016 4 0.0
2016 5 0.0
2016 6 0.0
2016 7 0.0
2016 8 0.0
2016 9 0.0
2016 10 0.0
2016 11 0.0
2016 12 0.0
2017 1 0.22264389626818468
2017 2 -0.24649859943977587
2017 3 0.0
2017 4 0.0
2017 5 0.0
2017 6 0.0
2017 7 0.0
2017 8 0.0
2017 9 0.0
2017 10 0.0
2017 11 0.0
2017 12 0.0
2018 1 -0.22896900695762176
2018 2 0.2535014005602242
2018 3 0.0
2018 4 0.0
2018 5 0.0
2018 6 0.0
2018 7 0.0
2018 8 0.0
2018 9 0.0
2018 10 0.0
2018 11 0.0
2018 12 0.0
2019 1 -0.035420619860847574
2019 2 0.03921568627450983
2019 3 0.0
2019 4 0.0
2019 5 0.0
2019 6 0.0
2019 7 0.0
2019 8 0.0
2019 9 0.0
2019 10 0.0
2019 11 0.0
2019 12 0.0
2020 1 0.3194180898165717
2020 2 -0.353641456582633
2020 3 0.0
2020 4 0.0
2020 5 0.0
2020 6 0.0
2020 7 0.0
2020 8 0.0
2020 9 0.0
2020 10 0.0
2020 11 0.0
2020 12 0.0
2021 1 0.0
2021 2 0.0
2021 3 0.0
2021 4 0.0
2021 5 0.0
2021 6 0.0
2021 7 0.0
2021 8 0.0
2021 9 0.0
2021 10 0.0
2021 11 0.0
2021 12 0.0
2022 1 0.0
2022 2 0.0
2022 3 0.0
2022 4 0.0
2022 5 0.0
2022 6 0.0
2022 7 0.0
2022 8 0.0
2022 9 0.0
2022 10 0.0
2022 11 0.0
2022 12 0.0
2023 1 0.0
2023 2 0.0
2023 3 0.0
2023 4 0.0
2023 5 0.0
2023 6 0.0
2023 7 0.0
2023 8 0.0
2023 9 0.0
2023 10 0.0
2023 11 0.0
2023 12 0.0
2024 1 0.0
2024 2 0.0
2024 3 0.0
2024 4 0.0
2024 5 0.0
2024 6 0.0
2024 7 0.0
2024 8 0.0
2024 9 0.0
2024 10 0.0
2024 11 0.0
2024 12 0.0
2025 1 0.0
2025 2 0.0
2025 3 0.0
2025 4 0.0
2025 5 0.0
2025 6 0.0
2025 7 0.0
2025 8 0.0
2025 9 0.0
2025 10 0.0
2025 11 0.0
2025 12 0.0
2026 1 0.0
2026 2 0.0
2026 3 0.0
2026 4 0.0
2026 5 0.0
2026 6 0.0
2026 7 0.0
2026 8 0.0
2026 9 0.0
2026 10 0.0
2026 11 0.0
2026 12 0.0
2027 1 0.0
2027 2 0.0
2027 3 0.0
2027 4 0.0
2027 5 0.0
2027 6 0.0
2027 7 0.0
2027 8 0.0
2027 9 0.0
2027 10 0.0
2027 11 0.0
2027 12 0.0
2028 1 0.0
2028 2 0.0
2028 3 0.0
2028 4 0.0
2028 5 0.0
2028 6 0.0
2028 7 0.0
2028 8 0.0
2028 9 0.0
2028 10 0.0
2028 11 0.0
2028 12 0.0
2029 1 0.0
2029 2 0.0
2029 3 0.0
2029 4 0.0
2029 5 0.0
2029 6 0.0
2029 7 0.0
2029 8 0.0
2029 9 0.0
2029 10 0.0
2029 11 0.0
2029 12 0.0
